kuning kehijauan, oranye, ungu, 
-, [[0.005]], [[0.005]], [[0.005]], [[0.005]], 
-, [[459.505]], [[115.105]], [[656.505]], [[115.105]], 
-, [[463.305]], [[117.405]], [[661.005]], [[117.405]], 
-, [[462.505]], [[116.905]], [[658.005]], [[116.605]], 
-, [[461.405]], [[116.705]], [[654.005]], [[118.005]], 
-, [[458.405]], [[118.005]], [[650.905]], [[119.005]], 
-, [[458.405]], [[119.005]], [[650.905]], [[120.005]], 
-, [[458.405]], [[120.005]], [[649.605]], [[119.805]], 
-, [[458.405]], [[121.005]], [[648.405]], [[119.605]], 
-, [[458.405]], [[122.005]], [[648.605]], [[120.605]], 
-, [[458.405]], [[123.005]], [[649.805]], [[119.305]], 
-, [[459.505]], [[119.205]], [[651.005]], [[118.005]], 
-, [[460.705]], [[116.705]], [[652.305]], [[116.805]], 
-, [[461.705]], [[116.705]], [[654.605]], [[116.705]], 
-, [[462.705]], [[116.705]], [[658.005]], [[115.705]], 
-, [[463.705]], [[116.705]], [[662.605]], [[115.705]], 
-, [[468.505]], [[113.105]], [[667.005]], [[115.705]], 
-, [[474.205]], [[110.805]], [[670.305]], [[114.705]], 
-, [[479.805]], [[107.505]], [[674.805]], [[114.705]], 
-, [[485.205]], [[105.505]], [[680.205]], [[114.705]], 
-, [[490.505]], [[104.605]], [[685.605]], [[114.705]], 
-, [[494.605]], [[104.905]], [[690.905]], [[114.705]], 
-, [[498.705]], [[105.205]], [[696.105]], [[114.705]], 
-, [[504.005]], [[105.405]], [[700.205]], [[114.705]], 
-, [[508.005]], [[106.805]], [[705.405]], [[114.705]], 
-, [[512.005]], [[108.105]], [[709.405]], [[114.705]], 
-, [[516.005]], [[109.305]], [[713.405]], [[114.705]], 
-, [[519.905]], [[110.405]], [[717.405]], [[114.705]], 
-, [[522.805]], [[111.505]], [[721.305]], [[114.705]], 
-, [[525.605]], [[112.705]], [[724.105]], [[114.705]], 
-, [[527.305]], [[113.805]], [[726.905]], [[114.705]], 
-, [[529.005]], [[114.905]], [[728.605]], [[114.805]], 
-, [[529.605]], [[115.905]], [[730.305]], [[114.905]], 
-, [[530.205]], [[116.905]], [[730.905]], [[114.905]], 
-, [[529.705]], [[117.805]], [[731.405]], [[114.905]], 
-, [[529.305]], [[117.605]], [[730.905]], [[114.905]], 
-, [[527.705]], [[117.405]], [[729.305]], [[114.905]], 
-, [[525.105]], [[116.105]], [[726.605]], [[114.905]], 
-, [[522.505]], [[114.905]], [[724.005]], [[114.805]], 
-, [[519.005]], [[113.705]], [[720.405]], [[114.805]], 
-, [[514.405]], [[112.505]], [[716.805]], [[114.805]], 
-, [[511.105]], [[110.105]], [[712.305]], [[114.805]], 
-, [[506.705]], [[107.905]], [[707.805]], [[114.905]], 
-, [[502.405]], [[105.805]], [[703.305]], [[116.105]], 
-, [[498.105]], [[104.705]], [[697.805]], [[117.305]], 
-, [[493.905]], [[102.705]], [[692.405]], [[118.405]], 
-, [[489.705]], [[101.705]], [[687.105]], [[119.605]], 
-, [[485.605]], [[100.705]], [[681.905]], [[121.905]], 
-, [[481.505]], [[100.905]], [[677.805]], [[124.205]], 
-, [[478.505]], [[99.905]], [[672.705]], [[126.405]], 
-, [[474.505]], [[98.905]], [[667.605]], [[128.605]], 
-, [[470.505]], [[98.005]], [[662.605]], [[131.905]], 
-, [[467.505]], [[98.205]], [[658.805]], [[135.105]], 
-, [[464.605]], [[97.305]], [[656.005]], [[138.305]], 
-, [[461.705]], [[97.505]], [[653.205]], [[141.405]], 
-, [[459.905]], [[97.705]], [[650.405]], [[143.405]], 
-, [[457.005]], [[99.005]], [[647.605]], [[145.205]], 
-, [[455.205]], [[100.205]], [[645.905]], [[145.905]], 
-, [[454.505]], [[100.305]], [[644.205]], [[145.505]], 
-, [[453.805]], [[101.405]], [[643.605]], [[145.105]], 
-, [[453.105]], [[101.405]], [[644.005]], [[143.605]], 
-, [[453.405]], [[102.505]], [[644.405]], [[141.105]], 
-, [[453.705]], [[102.505]], [[644.805]], [[138.605]], 
-, [[454.005]], [[103.505]], [[646.305]], [[136.205]], 
-, [[454.305]], [[104.505]], [[647.705]], [[132.805]], 
-, [[455.605]], [[104.505]], [[650.105]], [[129.405]], 
-, [[457.005]], [[105.505]], [[652.605]], [[126.105]], 
-, [[459.405]], [[106.505]], [[656.105]], [[122.805]], 
-, [[461.805]], [[106.505]], [[659.505]], [[119.605]], 
-, [[465.205]], [[106.405]], [[662.905]], [[116.405]], 
-, [[468.505]], [[106.405]], [[666.205]], [[113.305]], 
-, [[470.705]], [[107.505]], [[669.405]], [[111.405]], 
-, [[474.005]], [[108.505]], [[672.605]], [[109.505]], 
-, [[476.105]], [[109.605]], [[675.705]], [[108.905]], 
-, [[478.205]], [[110.705]], [[678.705]], [[109.405]], 
-, [[480.305]], [[113.005]], [[680.605]], [[111.005]], 
-, [[482.305]], [[116.405]], [[682.505]], [[114.805]], 
-, [[484.305]], [[119.905]], [[684.405]], [[118.605]], 
-, [[486.205]], [[124.505]], [[685.105]], [[124.605]], 
-, [[487.005]], [[131.305]], [[685.805]], [[131.605]], 
-, [[487.805]], [[139.105]], [[685.505]], [[139.605]], 
-, [[488.605]], [[146.705]], [[685.205]], [[147.405]], 
-, [[488.305]], [[154.205]], [[685.005]], [[156.205]], 
-, [[488.005]], [[160.405]], [[684.805]], [[163.705]], 
-, [[487.805]], [[166.605]], [[684.605]], [[171.005]], 
-, [[486.405]], [[172.805]], [[684.405]], [[177.005]], 
-, [[486.205]], [[177.605]], [[683.105]], [[181.805]], 
-, [[485.005]], [[181.205]], [[681.905]], [[185.405]], 
-, [[483.805]], [[182.505]], [[680.805]], [[186.705]], 
-, [[483.705]], [[182.705]], [[680.805]], [[186.905]], 
-, [[482.705]], [[180.605]], [[680.805]], [[184.905]], 
-, [[482.705]], [[176.405]], [[680.805]], [[181.805]], 
-, [[482.705]], [[171.205]], [[680.805]], [[176.505]], 
-, [[482.705]], [[163.905]], [[680.805]], [[169.105]], 
-, [[482.705]], [[162.905]], [[682.005]], [[160.705]], 
-, [[482.705]], [[152.205]], [[682.105]], [[150.305]], 
-, [[482.705]], [[140.705]], [[683.305]], [[140.105]], 
-, [[482.705]], [[136.705]], [[684.505]], [[128.905]], 
-, [[482.705]], [[132.705]], [[686.805]], [[116.905]], 
-, [[483.905]], [[117.805]], [[689.005]], [[106.405]], 
-, [[485.105]], [[105.805]], [[691.205]], [[98.405]], 
-, [[486.305]], [[97.605]], [[692.205]], [[93.905]], 
-, [[487.405]], [[93.005]], [[693.205]], [[91.805]], 
-, [[488.505]], [[90.905]], [[694.205]], [[93.105]], 
-, [[488.505]], [[91.005]], [[695.105]], [[95.405]], 
-, [[488.505]], [[92.005]], [[694.905]], [[97.505]], 
-, [[489.505]], [[93.005]], [[694.805]], [[100.405]], 
-, [[490.505]], [[94.905]], [[695.705]], [[103.305]], 
-, [[490.505]], [[97.805]], [[695.605]], [[107.105]], 
-, [[490.405]], [[101.705]], [[695.405]], [[110.705]], 
-, [[490.305]], [[106.605]], [[695.205]], [[115.505]], 
-, [[489.105]], [[112.505]], [[694.005]], [[121.205]], 
-, [[489.205]], [[118.305]], [[692.805]], [[126.805]], 
-, [[489.105]], [[125.105]], [[691.705]], [[133.505]], 
-, [[489.005]], [[131.805]], [[690.705]], [[140.005]], 
-, [[488.905]], [[138.305]], [[689.605]], [[146.405]], 
-, [[487.805]], [[144.705]], [[688.605]], [[152.705]], 
-, [[486.705]], [[151.005]], [[687.605]], [[158.905]], 
-, [[485.705]], [[155.905]], [[686.605]], [[163.905]], 
-, [[485.705]], [[159.805]], [[685.505]], [[167.705]], 
-, [[484.605]], [[162.505]], [[684.505]], [[170.305]], 
-, [[484.605]], [[163.905]], [[684.505]], [[171.705]], 
-, [[483.605]], [[163.105]], [[684.505]], [[170.905]], 
-, [[483.605]], [[161.205]], [[684.505]], [[167.905]], 
-, [[483.605]], [[157.205]], [[684.505]], [[163.805]], 
-, [[483.705]], [[150.905]], [[684.505]], [[157.605]], 
-, [[483.805]], [[144.705]], [[684.605]], [[150.405]], 
-, [[483.905]], [[136.505]], [[684.805]], [[142.205]], 
-, [[484.005]], [[128.405]], [[686.105]], [[133.005]], 
-, [[485.205]], [[120.605]], [[688.505]], [[124.005]], 
-, [[486.405]], [[113.005]], [[690.905]], [[115.305]], 
-, [[488.705]], [[106.805]], [[694.405]], [[108.005]], 
-, [[492.105]], [[103.005]], [[698.905]], [[102.105]], 
-, [[495.605]], [[100.505]], [[703.405]], [[98.605]], 
-, [[500.105]], [[100.305]], [[709.005]], [[97.405]], 
-, [[504.605]], [[101.205]], [[714.505]], [[98.505]], 
-, [[510.005]], [[103.005]], [[719.905]], [[100.505]], 
-, [[514.205]], [[104.605]], [[725.205]], [[103.405]], 
-, [[517.305]], [[106.105]], [[730.405]], [[105.005]], 
-, [[520.305]], [[106.305]], [[734.405]], [[106.505]], 
-, [[522.005]], [[107.605]], [[738.205]], [[107.805]], 
-, [[523.705]], [[107.705]], [[739.805]], [[107.905]], 
-, [[524.305]], [[106.705]], [[741.305]], [[107.905]], 
-, [[522.605]], [[106.705]], [[741.705]], [[106.805]], 
-, [[520.905]], [[105.605]], [[741.005]], [[105.705]], 
-, [[517.105]], [[104.605]], [[739.305]], [[104.605]], 
